103092306
104128456
107467866
107618585
108097081
113712287
115456886
118383695
121436034
121584837
127344859
128235879
128914175
129146931
130577918
131576157
137006158
137928606
138412819
140439340
143000858
144335258
146438430
147132566
148691650
152349454
152862192
153977593
157356785
159323552
159520418
160210073
162471993
164054856
164717953
166272257
169026706
172641907
174006169
174397513
175935393
176116717
180765060
182493377
182860815
185996833
186572208
186933336
188552080
189225044
189820815
190080948
190621876
192595574
196949162
197016582
197461206
201947279
203342342
203586243
204382420
206629568
207755320
207985770
208004741
210780603
212851676
213721394
217703694
217986025
218314542
219065266
222486287
224312712
225692580
226833223
230055382
230691512
230928406
233150654
233377803
242203688
244179029
244199960
245190303
247548056
248949140
252439575
253981666
257192782
257922949
258594316
258909364
259855917
260079535
270267312
271214282
271554158
274349335
276341067
279332725
283151522
286456686
288645646
289039611
289652515
291776896
292936635
295045150
296759038
297705033
297747873
299220932
302629841
305412621
305966691
306562752
307566540
310789277
312733324
315119156
320742042
323004568
324499533
327345428
330168754
331300598
331409423
334736441
335197121
337121557
338675883
339250797
342736184
343580203
347957397
348932870
352821739
353178571
354025678
354544947
354896196
359948451
361797930
362293975
363575335
366503796
367214054
368938193
371378906
372458050
383802772
391244260
392258604
392585359
393743921
395700558
397896692
398223432
399289944
401284778
402861764
403704103
406651418
412739211
414019006
423862516
426886836
427201653
428638252
429126193
430310781
434162358
435972873
436004320
438627316
438716268
438943152
439942252
443090498
443267951
445003432
445576116
445824129
451259282
455171814
457780718
457940162
458102646
458744037
459843924
460668143
461535459
461809211
465124592
466435276
469166444
469894043
470360704
471118765
472642344
474342985
474834507
475995885
476710403
479412152
481244298
482661656
482985235
483897960
484618982
486104625
486818403
489970550
490594195
490623436
491007171
497017585
498446747
500710113
500989075
501262545
502395903
505120628
508269554
509458416
510341130
514064085
517361541
518838658
518874914
521570526
525461070
526072246
526818308
531662083
540303255
540386306
540782724
542613616
543260034
543333176
546262484
549421705
551255019
554738338
555519664
558396084
558676967
558772705
559419599
559674700
561637511
563952282
564388221
564931343
565225570
566160836
566441561
569561821
571075112
571377703
571734010
572345234
572750278
575805587
576696064
577922543
579433951
581347921
583628555
584177035
585597930
586351153
586863895
587199047
588376042
589172791
591658725
593894219
594159665
594829720
595492978
599115774
599204293
600166154
600341550
600882370
601902713
603455151
605004099
605520035
606914193
607047493
608208825
613677504
615792410
617179776
617765807
620404815
621331584
622496095
623786304
624781551
625084172
628011661
633281461
636046276
636483672
638233075
641158242
641646798
643121190
643328201
643688457
644144971
647025494
648190732
648240642
651750114
652972605
653367846
655080752
655291324
655292673
658997266
662890317
667469987
670230529
672266806
672271595
673181777
677116352
678694350
679536047
679868807
683443695
686124072
686716508
686764603
688927715
694855063
695816704
703220722
704090143
707994268
708993388
713885298
717916116
718146516
719093075
719968963
720556872
722898169
727309726
728583480
732510362
733715214
739316153
739734884
741264821
743096133
748364932
753094720
756923075
760272874
764082999
765590867
766264880
767761645
770539340
771201266
772026070
775632055
777931890
779611830
780170436
780229405
782823347
783481955
784812582
788658461
790027633
794740521
795764985
795922489
796321678
802738140
806928493
812606087
816093338
816717253
819361870
822152015
826625991
828463458
829374584
830105039
831160255
833205719
833648214
835614710
836289643
839561370
839852798
839879674
841717741
846729484
849078245
849909630
850327569
854099184
855292767
855736328
864239987
864791291
866174790
868693025
869064479
871160238
872724096
873094212
876150343
878155914
880468144
881163905
882064910
886341583
888012057
888695231
891792821
893209433
893999439
894987715
896016342
899758092
900432033
900612871
901350193
907687539
908203657
909954718
911245689
913738055
915271090
917924108
919020485
920783223
921113001
923667471
924057756
926026778
926128260
927129400
929672724
930305214
933813213
934067869
934836101
939298147
945371095
945953711
946937426
947010798
947368017
947473499
950354901
950532608
952633392
954063201
954715824
955089502
955095175
955273672
958939347
960227606
960278142
964180908
967291026
968265553
968905558
969914463
971755752
975720194
978128030
979286134
979712501
981332102
983123148
983609243
986004365
986182380
988795918
989767818
991537666
992084799
995192533
996896283
