118728082
121200597
122124492
124177112
130441407
137147341
144682440
147792637
152976456
153111595
160148306
161535769
165051460
165270694
178928426
183659255
186461199
193611791
194324976
198065105
214044392
215396835
217147690
218146384
222892550
228010231
229593129
234361445
237442612
242254017
246666938
247958396
256782734
258886908
264316977
265605246
268510138
268828550
275611257
287616695
287866643
295238551
300919551
301992828
303894003
306999088
308021452
313866188
318426359
324788958
336108610
336858883
338741497
342457330
347084589
348318977
348478513
354845874
357028250
357847671
362681866
363474047
366113792
374623195
374642945
384816505
387950345
389422429
390266589
390296671
405320184
416052141
422517640
422738788
429788830
453083839
454986654
456629638
458936847
461029553
464225829
470992521
472329634
499135269
503046045
503819444
506396881
510627155
513636494
516008872
516116477
519341276
522324434
522633175
525413031
534931925
540125443
543854320
546793271
550220825
555053006
558242447
562238672
564822889
566799050
586401688
591775315
596646355
596960519
597194845
598661193
602101494
609806003
610589858
613731955
620949722
625007746
633685740
634128463
638568042
647104546
647220702
650556573
654698101
665370088
673598019
678457464
679608154
679978959
685209058
692117922
692194829
693248730
696842043
701424799
707253032
707320623
710646704
711102903
712997517
714076164
719746869
722375259
726344545
733176094
736265351
740647580
746453017
770346540
774671006
774835019
774962905
775071693
775837892
785683163
785892127
792904271
798288839
798722432
800311184
809209776
813889947
816253902
850323071
852552306
857815196
860668521
869340539
871503943
872961389
875934301
878865263
880278015
880670705
885898359
904544905
909080457
911484895
917996364
928003112
934519921
943809064
964168896
966170241
966497133
968979725
975018513
975536658
977771004
979749005
981212276
989374594
990781468
999638427
